8067.862960011246
8799.59924347799
8920.406761374901
8928.932426536823
8830.43452984347
8900.68022822945
8944.609102515546
8923.371798305241
8891.52100993177
8819.20353509067
8911.73696324123
8873.33355311524
8898.596478490585
8935.466857402675
8924.12234324509
8970.015859538817
8996.678440062331
8941.183861089776
8931.75962067696
8883.85505859271
8947.720568627457
8905.023459767148
8882.235027441784
8928.06452087396
8941.41895643864
8956.05550598805
8958.8560520138
8987.026581953976
8979.548345627896
8952.075876935274
9871.725746435635
10272.878555404295
10265.661836029356
9773.285221733397
9721.92140276465
9232.888381221239
9253.1276015202
9255.454291363945
9264.359549240284
9254.133963817336
9264.010333286064
9252.40425164096
9281.4659743976
9264.24075429049
9252.190807615243
9251.411977597645
9266.378583270014
9260.672168817619
9243.89513949481
9243.89513949481
